# Mess-Beginn: 05.02.2026 12:41:34
# Kei2000	Kei2000
3.23144837E+2	1.71304000E-10
3.23146452E+2	1.71303000E-10
3.23147108E+2	1.71293000E-10
3.23143769E+2	1.71290000E-10
3.23149222E+2	1.71282000E-10
3.23150086E+2	1.71267000E-10
3.23154472E+2	1.71250000E-10
3.23151711E+2	1.71243000E-10
3.23147701E+2	1.71232000E-10
3.23152700E+2	1.71223000E-10
3.23145871E+2	1.71210000E-10
3.23145350E+2	1.71205000E-10
3.23147600E+2	1.71200000E-10
3.23144995E+2	1.71195000E-10
3.23147039E+2	1.71192000E-10
3.23149799E+2	1.71168000E-10
3.23148403E+2	1.71152000E-10
3.23145573E+2	1.71150000E-10
3.23146427E+2	1.71138000E-10
3.23139657E+2	1.71133000E-10
3.23142938E+2	1.71125000E-10
3.23137533E+2	1.71107000E-10
3.23143251E+2	1.71098000E-10
3.23144487E+2	1.71096000E-10
3.23149518E+2	1.71083000E-10
3.23151289E+2	1.71070000E-10
3.23148356E+2	1.71056000E-10
3.23156028E+2	1.71057000E-10
3.23157694E+2	1.71053000E-10
3.23148268E+2	1.71045000E-10
3.23157007E+2	1.71045000E-10
3.23157611E+2	1.71022000E-10
3.23157736E+2	1.71007000E-10
3.23150828E+2	1.71005000E-10
3.23151234E+2	1.70989000E-10
3.23144755E+2	1.70984000E-10
3.23155015E+2	1.70974000E-10
3.23147993E+2	1.70958000E-10
3.23152139E+2	1.70959000E-10
3.23148431E+2	1.70947000E-10
3.23153880E+2	1.70938000E-10
3.23149505E+2	1.70941000E-10
3.23148224E+2	1.70945000E-10
3.23154382E+2	1.70943000E-10
3.23156695E+2	1.70939000E-10
3.23153153E+2	1.70956000E-10
3.23155170E+2	1.70949000E-10
3.23151025E+2	1.70940000E-10
3.23148296E+2	1.70969000E-10
3.23156139E+2	1.70968000E-10
3.23157157E+2	1.70968000E-10
3.23158032E+2	1.70986000E-10
3.23148960E+2	1.71011000E-10
3.23155778E+2	1.71022000E-10
3.23157976E+2	1.71026000E-10
3.23155757E+2	1.71041000E-10
3.23159120E+2	1.71078000E-10
3.23154185E+2	1.71098000E-10
3.23150747E+2	1.71110000E-10
3.23147508E+2	1.71158000E-10
3.23151732E+2	1.71172000E-10
3.23154138E+2	1.71218000E-10
3.23157128E+2	1.71252000E-10
3.23151694E+2	1.71288000E-10
3.23146059E+2	1.71306000E-10
3.23150330E+2	1.71363000E-10
3.23137881E+2	1.71402000E-10
3.23132889E+2	1.71456000E-10
3.23139024E+2	1.71487000E-10
3.23140226E+2	1.71554000E-10
3.23126965E+2	1.71581000E-10
3.23135381E+2	1.71654000E-10
3.23125579E+2	1.71713000E-10
3.23132961E+2	1.71800000E-10
3.23130638E+2	1.71851000E-10
3.23122910E+2	1.71913000E-10
3.23121891E+2	1.71976000E-10
3.23121568E+2	1.72072000E-10
3.23122818E+2	1.72135000E-10
3.23108581E+2	1.72219000E-10
3.23113593E+2	1.72298000E-10
3.23111864E+2	1.72377000E-10
3.23109239E+2	1.72471000E-10
3.23110714E+2	1.72568000E-10
3.23096277E+2	1.72662000E-10
3.23085090E+2	1.72746000E-10
3.23088977E+2	1.72869000E-10
3.23089487E+2	1.72942000E-10
3.23077259E+2	1.73065000E-10
3.23078477E+2	1.73160000E-10
3.23081380E+2	1.73268000E-10
3.23072016E+2	1.73378000E-10
3.23068256E+2	1.73518000E-10
3.23065290E+2	1.73628000E-10
3.23052145E+2	1.73751000E-10
3.23058811E+2	1.73851000E-10
3.23053610E+2	1.74002000E-10
3.23047204E+2	1.74126000E-10
3.23043184E+2	1.74238000E-10
3.23041150E+2	1.74383000E-10
3.23033692E+2	1.74500000E-10
3.23023578E+2	1.74651000E-10
3.23024313E+2	1.74768000E-10
3.23018907E+2	1.74942000E-10
3.23022678E+2	1.75087000E-10
3.23010918E+2	1.75243000E-10
3.23012468E+2	1.75379000E-10
3.23001365E+2	1.75552000E-10
3.22993792E+2	1.75673000E-10
3.22992132E+2	1.75847000E-10
3.22990663E+2	1.75991000E-10
3.22976247E+2	1.76175000E-10
3.22977258E+2	1.76339000E-10
3.22966634E+2	1.76503000E-10
3.22971113E+2	1.76678000E-10
3.22965144E+2	1.76825000E-10
3.22960667E+2	1.77022000E-10
3.22953834E+2	1.77222000E-10
3.22945293E+2	1.77397000E-10
3.22944057E+2	1.77555000E-10
3.22938579E+2	1.77726000E-10
3.22928860E+2	1.77943000E-10
3.22921918E+2	1.78120000E-10
3.22914055E+2	1.78354000E-10
3.22919826E+2	1.78548000E-10
3.22913107E+2	1.78710000E-10
3.22902640E+2	1.78930000E-10
3.22899911E+2	1.79115000E-10
3.22897297E+2	1.79345000E-10
3.22887637E+2	1.79556000E-10
3.22884960E+2	1.79774000E-10
3.22876992E+2	1.79966000E-10
3.22868567E+2	1.80186000E-10
3.22867817E+2	1.80408000E-10
3.22858276E+2	1.80624000E-10
3.22847552E+2	1.80850000E-10
3.22844590E+2	1.81063000E-10
3.22839153E+2	1.81306000E-10
3.22831570E+2	1.81549000E-10
3.22828225E+2	1.81774000E-10
3.22821433E+2	1.82036000E-10
3.22818496E+2	1.82225000E-10
3.22813448E+2	1.82461000E-10
3.22805344E+2	1.82731000E-10
3.22792980E+2	1.82976000E-10
3.22783190E+2	1.83200000E-10
3.22780076E+2	1.83480000E-10
3.22772941E+2	1.83738000E-10
3.22753254E+2	1.83968000E-10
3.22757287E+2	1.84210000E-10
3.22746309E+2	1.84492000E-10
3.22741903E+2	1.84755000E-10
3.22743438E+2	1.85019000E-10
3.22729398E+2	1.85282000E-10
3.22721627E+2	1.85543000E-10
3.22719853E+2	1.85795000E-10
3.22711793E+2	1.86077000E-10
3.22702731E+2	1.86352000E-10
3.22686701E+2	1.86627000E-10
3.22676517E+2	1.86878000E-10
3.22676559E+2	1.87181000E-10
3.22669934E+2	1.87461000E-10
3.22666769E+2	1.87751000E-10
3.22653457E+2	1.88035000E-10
3.22653488E+2	1.88335000E-10
3.22640305E+2	1.88634000E-10
3.22631587E+2	1.88940000E-10
3.22627087E+2	1.89201000E-10
3.22620983E+2	1.89500000E-10
3.22619582E+2	1.89834000E-10
3.22602573E+2	1.90133000E-10
3.22595678E+2	1.90437000E-10
3.22597370E+2	1.90713000E-10
3.22585495E+2	1.91027000E-10
3.22573277E+2	1.91338000E-10
3.22578140E+2	1.91653000E-10
3.22560453E+2	1.91964000E-10
3.22552089E+2	1.92315000E-10
3.22548881E+2	1.92606000E-10
3.22542590E+2	1.92943000E-10
3.22529518E+2	1.93260000E-10
3.22522664E+2	1.93556000E-10
3.22512138E+2	1.93916000E-10
3.22505201E+2	1.94251000E-10
3.22490410E+2	1.94587000E-10
3.22489669E+2	1.94919000E-10
3.22485763E+2	1.95279000E-10
3.22484128E+2	1.95622000E-10
3.22463482E+2	1.95958000E-10
3.22463256E+2	1.96300000E-10
3.22451215E+2	1.96644000E-10
3.22450736E+2	1.97022000E-10
3.22437271E+2	1.97393000E-10
3.22423397E+2	1.97734000E-10
3.22416700E+2	1.98108000E-10
3.22407603E+2	1.98451000E-10
3.22401301E+2	1.98812000E-10
3.22396572E+2	1.99190000E-10
3.22386060E+2	1.99582000E-10
3.22369478E+2	1.99959000E-10
3.22362353E+2	2.00311000E-10
3.22355353E+2	2.00666000E-10
3.22341057E+2	2.01088000E-10
3.22340952E+2	2.01494000E-10
3.22325495E+2	2.01890000E-10
3.22317204E+2	2.02277000E-10
3.22307819E+2	2.02665000E-10
3.22296382E+2	2.03060000E-10
3.22293136E+2	2.03501000E-10
3.22286553E+2	2.03876000E-10
3.22267596E+2	2.04282000E-10
3.22260324E+2	2.04703000E-10
3.22246699E+2	2.05124000E-10
3.22243668E+2	2.05506000E-10
3.22224034E+2	2.05962000E-10
3.22222126E+2	2.06381000E-10
3.22215584E+2	2.06787000E-10
3.22210012E+2	2.07231000E-10
3.22199857E+2	2.07665000E-10
3.22191315E+2	2.08072000E-10
3.22177629E+2	2.08533000E-10
3.22181262E+2	2.08978000E-10
3.22160543E+2	2.09391000E-10
3.22155294E+2	2.09858000E-10
3.22146034E+2	2.10286000E-10
3.22140022E+2	2.10793000E-10
3.22128231E+2	2.11220000E-10
3.22120887E+2	2.11711000E-10
3.22112917E+2	2.12142000E-10
3.22095699E+2	2.12611000E-10
3.22092023E+2	2.13062000E-10
3.22076517E+2	2.13576000E-10
3.22068919E+2	2.14029000E-10
3.22055681E+2	2.14504000E-10
3.22033661E+2	2.15010000E-10
3.22035434E+2	2.15480000E-10
3.22034715E+2	2.15982000E-10
3.22026310E+2	2.16451000E-10
3.22014807E+2	2.16956000E-10
3.22003412E+2	2.17459000E-10
3.22002746E+2	2.17934000E-10
3.21988003E+2	2.18424000E-10
3.21972691E+2	2.18926000E-10
3.21972327E+2	2.19462000E-10
3.21964442E+2	2.20001000E-10
3.21947169E+2	2.20490000E-10
3.21940805E+2	2.21015000E-10
3.21926504E+2	2.21589000E-10
3.21922271E+2	2.22066000E-10
3.21905991E+2	2.22572000E-10
3.21892866E+2	2.23162000E-10
3.21885933E+2	2.23668000E-10
3.21863310E+2	2.24203000E-10
3.21866101E+2	2.24747000E-10
3.21856521E+2	2.25293000E-10
3.21844591E+2	2.25841000E-10
3.21835956E+2	2.26392000E-10
3.21828884E+2	2.26947000E-10
3.21819430E+2	2.27505000E-10
3.21804202E+2	2.28069000E-10
3.21798671E+2	2.28635000E-10
3.21786922E+2	2.29198000E-10
3.21784911E+2	2.29768000E-10
3.21768173E+2	2.30345000E-10
3.21764783E+2	2.30924000E-10
3.21748346E+2	2.31503000E-10
3.21741024E+2	2.32090000E-10
3.21721700E+2	2.32676000E-10
3.21710157E+2	2.33267000E-10
3.21703355E+2	2.33861000E-10
3.21699105E+2	2.34458000E-10
3.21685683E+2	2.35059000E-10
3.21673757E+2	2.35666000E-10
3.21656800E+2	2.36272000E-10
3.21650315E+2	2.36885000E-10
3.21638107E+2	2.37502000E-10
3.21628868E+2	2.38118000E-10
3.21620114E+2	2.38739000E-10
3.21602332E+2	2.39366000E-10
3.21590614E+2	2.39994000E-10
3.21587198E+2	2.40628000E-10
3.21579857E+2	2.41263000E-10
3.21561920E+2	2.41907000E-10
3.21553140E+2	2.42550000E-10
3.21547870E+2	2.43194000E-10
3.21540912E+2	2.43842000E-10
3.21532350E+2	2.44500000E-10
3.21516992E+2	2.45157000E-10
3.21508235E+2	2.45822000E-10
3.21495455E+2	2.46485000E-10
3.21490820E+2	2.47157000E-10
3.21467467E+2	2.47829000E-10
3.21458301E+2	2.48505000E-10
3.21449375E+2	2.49188000E-10
3.21451301E+2	2.49870000E-10
3.21428531E+2	2.50558000E-10
3.21427594E+2	2.51254000E-10
3.21419161E+2	2.51949000E-10
3.21412228E+2	2.52648000E-10
3.21394188E+2	2.53354000E-10
3.21381876E+2	2.54065000E-10
3.21371753E+2	2.54774000E-10
3.21364160E+2	2.55494000E-10
3.21353463E+2	2.56215000E-10
3.21339948E+2	2.56937000E-10
3.21326855E+2	2.57668000E-10
3.21320606E+2	2.58402000E-10
3.21306996E+2	2.59135000E-10
3.21299944E+2	2.59877000E-10
3.21292226E+2	2.60623000E-10
3.21276395E+2	2.61376000E-10
3.21266294E+2	2.62133000E-10
3.21263222E+2	2.62889000E-10
3.21245650E+2	2.63651000E-10
3.21232841E+2	2.64422000E-10
3.21227216E+2	2.65194000E-10
3.21212176E+2	2.65969000E-10
3.21205801E+2	2.66754000E-10
3.21194010E+2	2.67540000E-10
3.21181699E+2	2.68327000E-10
3.21173751E+2	2.69121000E-10
3.21156795E+2	2.69924000E-10
3.21147977E+2	2.70727000E-10
3.21131816E+2	2.71537000E-10
3.21131293E+2	2.72347000E-10
3.21113771E+2	2.73165000E-10
3.21104004E+2	2.73990000E-10
3.21101336E+2	2.74820000E-10
3.21085081E+2	2.75651000E-10
3.21080929E+2	2.76490000E-10
3.21058061E+2	2.77334000E-10
3.21061397E+2	2.78182000E-10
3.21046928E+2	2.79031000E-10
3.21040130E+2	2.79893000E-10
3.21026964E+2	2.80758000E-10
3.21015184E+2	2.81626000E-10
3.20996283E+2	2.82500000E-10
3.20991483E+2	2.83376000E-10
3.20983394E+2	2.84262000E-10
3.20977251E+2	2.85151000E-10
3.20964545E+2	2.86048000E-10
3.20952497E+2	2.86948000E-10
3.20940621E+2	2.87852000E-10
3.20927165E+2	2.88763000E-10
3.20921575E+2	2.89683000E-10
3.20907203E+2	2.90605000E-10
3.20896005E+2	2.91533000E-10
3.20882762E+2	2.92465000E-10
3.20881740E+2	2.93404000E-10
3.20862602E+2	2.94350000E-10
3.20852127E+2	2.95298000E-10
3.20841907E+2	2.96258000E-10
3.20824362E+2	2.97217000E-10
3.20830838E+2	2.98188000E-10
3.20816293E+2	2.99161000E-10
3.20798823E+2	3.00141000E-10
3.20787496E+2	3.01128000E-10
3.20769031E+2	3.02124000E-10
3.20759500E+2	3.03122000E-10
3.20754551E+2	3.04125000E-10
3.20747040E+2	3.05141000E-10
3.20728677E+2	3.06158000E-10
3.20723298E+2	3.07183000E-10
3.20706412E+2	3.08216000E-10
3.20699668E+2	3.09252000E-10
3.20677927E+2	3.10297000E-10
3.20668073E+2	3.11349000E-10
3.20667263E+2	3.12404000E-10
3.20655936E+2	3.13468000E-10
3.20647878E+2	3.14542000E-10
3.20631413E+2	3.15620000E-10
3.20630531E+2	3.16708000E-10
3.20608714E+2	3.17797000E-10
3.20595074E+2	3.18899000E-10
3.20593095E+2	3.20006000E-10
3.20572139E+2	3.21119000E-10
3.20570193E+2	3.22241000E-10
3.20560131E+2	3.23364000E-10
3.20544156E+2	3.24510000E-10
3.20536561E+2	3.25650000E-10
3.20522196E+2	3.26801000E-10
3.20507953E+2	3.27959000E-10
3.20506318E+2	3.29128000E-10
3.20492077E+2	3.30304000E-10
3.20479341E+2	3.31487000E-10
3.20467550E+2	3.32680000E-10
3.20460895E+2	3.33881000E-10
3.20448103E+2	3.35085000E-10
3.20426394E+2	3.36297000E-10
3.20425081E+2	3.37522000E-10
3.20407504E+2	3.38753000E-10
3.20397219E+2	3.39993000E-10
3.20391281E+2	3.41238000E-10
3.20387837E+2	3.42494000E-10
3.20372153E+2	3.43758000E-10
3.20364127E+2	3.45034000E-10
3.20353157E+2	3.46318000E-10
3.20343098E+2	3.47612000E-10
3.20331448E+2	3.48907000E-10
3.20320105E+2	3.50221000E-10
3.20309223E+2	3.51539000E-10
3.20298606E+2	3.52866000E-10
3.20289785E+2	3.54205000E-10
3.20273828E+2	3.55554000E-10
3.20264770E+2	3.56907000E-10
3.20254927E+2	3.58279000E-10
3.20240164E+2	3.59654000E-10
3.20227395E+2	3.61041000E-10
3.20218553E+2	3.62435000E-10
3.20206065E+2	3.63845000E-10
3.20196074E+2	3.65262000E-10
3.20190071E+2	3.66684000E-10
3.20169244E+2	3.68126000E-10
3.20163978E+2	3.69580000E-10
3.20157405E+2	3.71038000E-10
3.20133588E+2	3.72504000E-10
3.20128496E+2	3.73990000E-10
3.20120245E+2	3.75482000E-10
3.20116996E+2	3.76985000E-10
3.20105331E+2	3.78500000E-10
3.20095535E+2	3.80023000E-10
3.20081637E+2	3.81563000E-10
3.20072794E+2	3.83117000E-10
3.20056826E+2	3.84676000E-10
3.20042690E+2	3.86249000E-10
3.20032912E+2	3.87838000E-10
3.20026753E+2	3.89435000E-10
3.19997439E+2	3.91040000E-10
3.20007798E+2	3.92669000E-10
3.19989359E+2	3.94303000E-10
3.19978570E+2	3.95955000E-10
3.19963778E+2	3.97614000E-10
3.19951008E+2	3.99288000E-10
3.19942128E+2	4.00982000E-10
3.19927691E+2	4.02685000E-10
3.19916697E+2	4.04400000E-10
3.19907228E+2	4.06130000E-10
3.19896449E+2	4.07873000E-10
3.19883368E+2	4.09633000E-10
3.19870770E+2	4.11404000E-10
3.19862658E+2	4.13194000E-10
3.19850545E+2	4.14991000E-10
3.19838480E+2	4.16808000E-10
3.19833855E+2	4.18646000E-10
3.19823205E+2	4.20487000E-10
3.19815707E+2	4.22351000E-10
3.19799666E+2	4.24235000E-10
3.19790640E+2	4.26124000E-10
3.19771761E+2	4.28036000E-10
3.19757517E+2	4.29962000E-10
3.19743672E+2	4.31908000E-10
3.19725729E+2	4.33868000E-10
3.19730839E+2	4.35849000E-10
3.19723033E+2	4.37840000E-10
3.19708457E+2	4.39853000E-10
3.19697054E+2	4.41885000E-10
3.19685676E+2	4.43926000E-10
3.19670917E+2	4.45995000E-10
3.19658040E+2	4.48080000E-10
3.19652489E+2	4.50181000E-10
3.19633965E+2	4.52303000E-10
3.19628833E+2	4.54440000E-10
3.19609833E+2	4.56601000E-10
3.19603961E+2	4.58784000E-10
3.19588599E+2	4.60984000E-10
3.19579896E+2	4.63198000E-10
3.19569123E+2	4.65442000E-10
3.19550319E+2	4.67702000E-10
3.19545521E+2	4.69984000E-10
3.19528670E+2	4.72289000E-10
3.19520268E+2	4.74615000E-10
3.19514771E+2	4.76960000E-10
3.19491325E+2	4.79328000E-10
3.19482805E+2	4.81724000E-10
3.19470445E+2	4.84138000E-10
3.19458729E+2	4.86580000E-10
3.19452935E+2	4.89041000E-10
3.19442963E+2	4.91528000E-10
3.19437993E+2	4.94035000E-10
3.19424868E+2	4.96572000E-10
3.19414165E+2	4.99135000E-10
3.19407559E+2	5.01718000E-10
3.19385545E+2	5.04326000E-10
3.19380769E+2	5.06963000E-10
3.19371303E+2	5.09631000E-10
3.19355570E+2	5.12320000E-10
3.19347183E+2	5.15038000E-10
3.19334468E+2	5.17784000E-10
3.19331477E+2	5.20554000E-10
3.19313322E+2	5.23366000E-10
3.19298261E+2	5.26197000E-10
3.19297863E+2	5.29059000E-10
3.19278760E+2	5.31955000E-10
3.19258698E+2	5.34876000E-10
3.19259354E+2	5.37832000E-10
3.19243996E+2	5.40816000E-10
3.19224869E+2	5.43835000E-10
3.19213886E+2	5.46890000E-10
3.19202225E+2	5.49968000E-10
3.19188219E+2	5.53096000E-10
3.19176773E+2	5.56252000E-10
3.19166037E+2	5.59433000E-10
3.19164723E+2	5.62656000E-10
3.19144919E+2	5.65916000E-10
3.19139777E+2	5.69209000E-10
3.19129118E+2	5.72541000E-10
3.19116037E+2	5.75914000E-10
3.19109453E+2	5.79325000E-10
3.19102411E+2	5.82771000E-10
3.19081525E+2	5.86260000E-10
3.19068896E+2	5.89787000E-10
3.19063582E+2	5.93362000E-10
3.19047697E+2	5.96975000E-10
3.19035617E+2	6.00635000E-10
3.19014274E+2	6.04336000E-10
3.19014701E+2	6.08077000E-10
3.19002900E+2	6.11873000E-10
3.18989443E+2	6.15708000E-10
3.18986781E+2	6.19599000E-10
3.18963047E+2	6.23527000E-10
3.18954559E+2	6.27511000E-10
3.18941984E+2	6.31547000E-10
3.18943576E+2	6.35633000E-10
3.18928849E+2	6.39766000E-10
3.18915025E+2	6.43954000E-10
3.18910537E+2	6.48197000E-10
3.18898306E+2	6.52493000E-10
3.18875704E+2	6.56837000E-10
3.18870308E+2	6.61245000E-10
3.18856958E+2	6.65711000E-10
3.18837896E+2	6.70233000E-10
3.18833109E+2	6.74822000E-10
3.18824991E+2	6.79469000E-10
3.18817396E+2	6.84180000E-10
3.18797193E+2	6.88954000E-10
3.18795421E+2	6.93795000E-10
3.18775509E+2	6.98708000E-10
3.18767365E+2	7.03685000E-10
3.18747861E+2	7.08732000E-10
3.18743439E+2	7.13844000E-10
3.18739179E+2	7.19035000E-10
3.18734220E+2	7.24297000E-10
3.18720488E+2	7.29654000E-10
3.18709709E+2	7.35062000E-10
3.18692981E+2	7.40567000E-10
3.18688472E+2	7.46149000E-10
3.18674745E+2	7.51807000E-10
3.18662686E+2	7.57564000E-10
3.18651073E+2	7.63400000E-10
3.18641617E+2	7.69329000E-10
3.18633732E+2	7.75348000E-10
3.18620317E+2	7.81461000E-10
3.18613432E+2	7.87662000E-10
3.18602362E+2	7.93981000E-10
3.18586667E+2	8.00386000E-10
3.18583312E+2	8.06892000E-10
3.18566208E+2	8.13507000E-10
3.18549039E+2	8.20236000E-10
3.18542067E+2	8.27076000E-10
3.18525942E+2	8.34025000E-10
3.18517906E+2	8.41092000E-10
3.18514176E+2	8.48273000E-10
3.18497212E+2	8.55587000E-10
3.18483066E+2	8.63025000E-10
3.18474018E+2	8.70588000E-10
3.18462951E+2	8.78296000E-10
3.18448052E+2	8.86129000E-10
3.18437198E+2	8.94116000E-10
3.18427701E+2	9.02233000E-10
3.18410575E+2	9.10500000E-10
3.18393363E+2	9.18924000E-10
3.18394118E+2	9.27503000E-10
3.18383070E+2	9.36243000E-10
3.18371172E+2	9.45146000E-10
3.18361219E+2	9.54221000E-10
3.18354576E+2	9.63472000E-10
3.18333018E+2	9.72911000E-10
3.18327940E+2	9.82560000E-10
3.18324700E+2	9.92389000E-10
3.18307681E+2	1.00241000E-9
3.18293578E+2	1.01263000E-9
3.18294102E+2	1.02306000E-9
3.18276427E+2	1.03372000E-9
3.18265691E+2	1.04460000E-9
3.18251916E+2	1.05571000E-9
3.18244909E+2	1.06707000E-9
3.18238207E+2	1.07867000E-9
3.18226750E+2	1.09053000E-9
3.18214058E+2	1.10267000E-9
3.18209099E+2	1.11507000E-9
3.18191994E+2	1.12776000E-9
3.18187718E+2	1.14074000E-9
3.18170097E+2	1.15404000E-9
3.18162889E+2	1.16765000E-9
3.18148461E+2	1.18160000E-9
3.18134306E+2	1.19587000E-9
3.18133919E+2	1.21052000E-9
3.18123925E+2	1.22552000E-9
3.18110971E+2	1.24090000E-9
3.18106603E+2	1.25670000E-9
3.18092995E+2	1.27292000E-9
3.18089666E+2	1.28956000E-9
3.18075928E+2	1.30663000E-9
3.18071120E+2	1.32419000E-9
3.18059394E+2	1.34224000E-9
3.18048669E+2	1.36078000E-9
3.18036340E+2	1.37986000E-9
3.18026551E+2	1.39950000E-9
3.18015772E+2	1.41970000E-9
3.18012298E+2	1.44050000E-9
3.17993730E+2	1.46194000E-9
3.17985494E+2	1.48400000E-9
3.17967690E+2	1.50674000E-9
3.17962516E+2	1.53016000E-9
3.17953074E+2	1.55430000E-9
3.17939121E+2	1.57921000E-9
3.17933344E+2	1.60487000E-9
3.17920842E+2	1.63126000E-9
3.17904630E+2	1.65841000E-9
3.17904544E+2	1.68649000E-9
3.17897981E+2	1.71537000E-9
3.17884046E+2	1.74654000E-9
3.17873062E+2	1.77723000E-9
3.17860842E+2	1.80883000E-9
3.17858318E+2	1.84139000E-9
3.17846001E+2	1.87497000E-9
3.17833070E+2	1.90955000E-9
3.17825657E+2	1.94506000E-9
3.17819138E+2	1.98147000E-9
3.17804701E+2	2.01874000E-9
3.17789975E+2	2.05686000E-9
3.17781544E+2	2.09578000E-9
3.17766570E+2	2.13541000E-9
3.17758426E+2	2.17574000E-9
3.17745525E+2	2.21670000E-9
3.17738145E+2	2.25821000E-9
3.17724150E+2	2.30021000E-9
3.17719185E+2	2.34263000E-9
3.17715118E+2	2.38536000E-9
3.17696831E+2	2.42827000E-9
3.17680713E+2	2.47125000E-9
3.17678924E+2	2.51417000E-9
3.17665090E+2	2.55688000E-9
3.17650309E+2	2.59918000E-9
3.17640628E+2	2.64081000E-9
3.17635766E+2	2.68184000E-9
3.17630182E+2	2.72183000E-9
3.17615097E+2	2.76077000E-9
3.17603275E+2	2.79860000E-9
3.17596702E+2	2.83515000E-9
3.17578547E+2	2.87038000E-9
3.17579919E+2	2.90409000E-9
3.17564611E+2	2.93627000E-9
3.17561104E+2	2.96693000E-9
3.17550061E+2	2.99594000E-9
3.17543542E+2	3.02321000E-9
3.17532537E+2	3.04862000E-9
3.17517424E+2	3.07189000E-9
3.17510927E+2	3.09273000E-9
3.17496146E+2	3.11074000E-9
3.17491769E+2	3.12529000E-9
3.17480743E+2	3.13625000E-9
3.17480378E+2	3.14340000E-9
3.17468614E+2	3.14655000E-9
3.17458795E+2	3.14568000E-9
3.17445628E+2	3.14074000E-9
3.17431385E+2	3.13169000E-9
3.17423951E+2	3.11810000E-9
3.17416034E+2	3.09949000E-9
3.17406600E+2	3.07567000E-9
3.17397201E+2	3.04705000E-9
3.17392877E+2	3.01387000E-9
3.17380549E+2	2.97640000E-9
3.17363942E+2	2.93517000E-9
3.17359744E+2	2.89079000E-9
3.17351654E+2	2.84387000E-9
3.17338433E+2	2.79520000E-9
3.17329460E+2	2.74534000E-9
3.17319272E+2	2.69482000E-9
3.17310881E+2	2.64396000E-9
3.17299650E+2	2.59319000E-9
3.17290118E+2	2.54302000E-9
3.17280609E+2	2.49382000E-9
3.17269998E+2	2.44592000E-9
3.17260658E+2	2.39925000E-9
3.17253655E+2	2.35424000E-9
3.17242521E+2	2.31065000E-9
3.17230606E+2	2.26860000E-9
3.17228379E+2	2.22805000E-9
3.17212759E+2	2.18896000E-9
3.17208067E+2	2.15134000E-9
3.17191533E+2	2.11512000E-9
3.17185293E+2	2.08036000E-9
3.17173698E+2	2.04670000E-9
3.17169126E+2	2.01429000E-9
3.17151462E+2	1.98301000E-9
3.17151991E+2	1.95284000E-9
3.17131478E+2	1.92372000E-9
3.17120753E+2	1.89553000E-9
3.17107876E+2	1.86830000E-9
3.17108983E+2	1.84190000E-9
3.17086081E+2	1.81645000E-9
3.17075302E+2	1.79182000E-9
3.17064570E+2	1.76796000E-9
3.17063537E+2	1.74489000E-9
3.17054866E+2	1.72249000E-9
3.17044828E+2	1.70073000E-9
3.17034640E+2	1.67968000E-9
3.17021936E+2	1.65919000E-9
3.17012361E+2	1.63928000E-9
3.17003390E+2	1.61987000E-9
3.16995677E+2	1.60102000E-9
3.16988588E+2	1.58275000E-9
3.16982033E+2	1.56487000E-9
3.16972437E+2	1.54759000E-9
3.16957517E+2	1.53065000E-9
3.16943428E+2	1.51414000E-9
3.16936124E+2	1.49807000E-9
3.16932380E+2	1.48237000E-9
3.16918362E+2	1.46701000E-9
3.16906139E+2	1.45207000E-9
3.16890863E+2	1.43713000E-9
3.16876287E+2	1.42290000E-9
3.16865841E+2	1.40894000E-9
3.16860419E+2	1.39536000E-9
3.16855320E+2	1.38205000E-9
3.16843488E+2	1.36903000E-9
3.16819929E+2	1.35629000E-9
3.16825490E+2	1.34379000E-9
3.16821419E+2	1.33153000E-9
3.16809314E+2	1.31958000E-9
3.16802074E+2	1.30783000E-9
3.16784766E+2	1.29632000E-9
3.16781926E+2	1.28500000E-9
3.16772363E+2	1.27393000E-9
3.16766338E+2	1.26305000E-9
3.16750591E+2	1.25236000E-9
3.16747106E+2	1.24185000E-9
3.16740608E+2	1.23157000E-9
3.16727166E+2	1.22148000E-9
3.16715563E+2	1.21154000E-9
3.16707129E+2	1.20183000E-9
3.16700771E+2	1.19221000E-9
3.16689475E+2	1.18279000E-9
3.16676974E+2	1.17359000E-9
3.16676092E+2	1.16454000E-9
3.16663111E+2	1.15561000E-9
3.16649686E+2	1.14688000E-9
3.16648008E+2	1.13824000E-9
3.16632001E+2	1.12976000E-9
3.16623330E+2	1.12140000E-9
3.16614649E+2	1.11322000E-9
3.16605616E+2	1.10516000E-9
3.16591427E+2	1.09724000E-9
3.16582542E+2	1.08945000E-9
3.16568890E+2	1.08171000E-9
3.16566093E+2	1.07409000E-9
3.16551226E+2	1.06658000E-9
3.16542190E+2	1.05919000E-9
3.16527207E+2	1.05192000E-9
3.16521667E+2	1.04477000E-9
3.16514502E+2	1.03772000E-9
3.16498313E+2	1.03073000E-9
3.16498426E+2	1.02386000E-9
3.16481321E+2	1.01714000E-9
3.16476717E+2	1.01048000E-9
3.16464129E+2	1.00392000E-9
3.16457362E+2	9.97465000E-10
3.16449993E+2	9.91067000E-10
3.16440817E+2	9.84713000E-10
3.16428360E+2	9.78500000E-10
3.16425154E+2	9.72338000E-10
3.16417105E+2	9.66282000E-10
3.16404452E+2	9.60280000E-10
3.16381872E+2	9.54407000E-10
3.16384950E+2	9.48554000E-10
3.16369359E+2	9.42841000E-10
3.16362464E+2	9.37178000E-10
3.16351459E+2	9.31577000E-10
3.16343481E+2	9.26048000E-10
3.16337349E+2	9.20596000E-10
3.16329291E+2	9.15218000E-10
3.16322513E+2	9.09901000E-10
3.16309636E+2	9.04645000E-10
3.16298836E+2	8.99428000E-10
3.16293749E+2	8.94280000E-10
3.16289670E+2	8.89228000E-10
3.16272630E+2	8.84191000E-10
3.16266197E+2	8.79208000E-10
3.16262567E+2	8.74342000E-10
3.16248357E+2	8.69514000E-10
3.16243925E+2	8.64725000E-10
3.16233870E+2	8.59979000E-10
3.16221800E+2	8.55319000E-10
3.16216669E+2	8.50660000E-10
3.16204235E+2	8.46122000E-10
3.16197649E+2	8.41583000E-10
3.16193927E+2	8.37120000E-10
3.16174155E+2	8.32664000E-10
3.16173036E+2	8.28301000E-10
3.16158460E+2	8.23965000E-10
3.16150693E+2	8.19645000E-10
3.16144198E+2	8.15399000E-10
3.16132311E+2	8.11203000E-10
3.16119552E+2	8.07057000E-10
3.16118160E+2	8.02941000E-10
3.16107974E+2	7.98885000E-10
3.16094173E+2	7.94842000E-10
3.16085911E+2	7.90853000E-10
3.16081739E+2	7.86928000E-10
3.16065624E+2	7.83043000E-10
3.16060869E+2	7.79185000E-10
3.16050457E+2	7.75364000E-10
3.16042561E+2	7.71556000E-10
3.16033288E+2	7.67792000E-10
3.16029174E+2	7.64019000E-10
3.16015792E+2	7.60330000E-10
3.16005239E+2	7.56724000E-10
3.15996847E+2	7.53105000E-10
3.15986045E+2	7.49531000E-10
3.15973481E+2	7.45994000E-10
3.15968339E+2	7.42482000E-10
3.15959093E+2	7.39036000E-10
3.15959330E+2	7.35605000E-10
3.15946948E+2	7.32209000E-10
3.15933933E+2	7.28844000E-10
3.15924380E+2	7.25501000E-10
3.15922831E+2	7.22177000E-10
3.15904231E+2	7.18917000E-10
3.15900763E+2	7.15659000E-10
3.15892910E+2	7.12421000E-10
3.15890177E+2	7.09217000E-10
3.15876446E+2	7.06045000E-10
3.15861590E+2	7.02904000E-10
3.15856975E+2	6.99817000E-10
3.15851277E+2	6.96762000E-10
3.15838249E+2	6.93691000E-10
3.15828922E+2	6.90679000E-10
3.15817979E+2	6.87710000E-10
3.15812341E+2	6.84746000E-10
3.15806984E+2	6.81810000E-10
3.15797937E+2	6.78877000E-10
3.15785805E+2	6.75989000E-10
3.15774230E+2	6.73113000E-10
3.15759966E+2	6.70271000E-10
3.15755688E+2	6.67449000E-10
3.15738369E+2	6.64634000E-10
3.15730279E+2	6.61874000E-10
3.15724409E+2	6.59130000E-10
3.15711016E+2	6.56389000E-10
3.15702302E+2	6.53680000E-10
3.15691286E+2	6.51007000E-10
3.15678643E+2	6.48322000E-10
3.15671694E+2	6.45681000E-10
3.15664110E+2	6.43051000E-10
3.15660674E+2	6.40428000E-10
3.15648099E+2	6.37858000E-10
3.15643785E+2	6.35299000E-10
3.15636357E+2	6.32756000E-10
3.15626965E+2	6.30259000E-10
3.15613777E+2	6.27764000E-10
3.15608238E+2	6.25282000E-10
3.15596614E+2	6.22814000E-10
3.15580586E+2	6.20359000E-10
3.15573550E+2	6.17932000E-10
3.15564597E+2	6.15529000E-10
3.15557045E+2	6.13150000E-10
3.15554506E+2	6.10785000E-10
3.15538695E+2	6.08451000E-10
3.15526022E+2	6.06111000E-10
3.15517309E+2	6.03785000E-10
3.15504745E+2	6.01492000E-10
3.15489459E+2	5.99208000E-10
3.15480638E+2	5.96938000E-10
3.15477109E+2	5.94682000E-10
3.15471792E+2	5.92456000E-10
3.15453170E+2	5.90200000E-10
3.15435076E+2	5.88017000E-10
3.15440495E+2	5.85838000E-10
3.15433825E+2	5.83663000E-10
3.15423358E+2	5.81512000E-10
3.15413639E+2	5.79392000E-10
3.15401322E+2	5.77273000E-10
3.15394179E+2	5.75157000E-10
3.15385469E+2	5.73084000E-10
3.15378713E+2	5.71004000E-10
3.15369375E+2	5.68954000E-10
3.15361511E+2	5.66925000E-10
3.15349497E+2	5.64926000E-10
3.15341268E+2	5.62875000E-10
3.15335911E+2	5.60896000E-10
3.15331220E+2	5.58894000E-10
3.15318192E+2	5.56941000E-10
3.15307499E+2	5.54979000E-10
3.15293365E+2	5.53043000E-10
3.15285960E+2	5.51093000E-10
3.15275203E+2	5.49194000E-10
3.15264854E+2	5.47291000E-10
3.15256008E+2	5.45411000E-10
3.15249349E+2	5.43534000E-10
3.15244938E+2	5.41665000E-10
3.15233127E+2	5.39824000E-10
3.15219895E+2	5.38002000E-10
3.15212838E+2	5.36169000E-10
3.15199447E+2	5.34376000E-10
3.15189184E+2	5.32568000E-10
3.15194542E+2	5.30760000E-10
3.15174662E+2	5.28990000E-10
3.15171102E+2	5.27224000E-10
3.15158548E+2	5.25480000E-10
3.15157311E+2	5.23725000E-10
3.15145340E+2	5.21992000E-10
3.15128827E+2	5.20277000E-10
3.15117844E+2	5.18548000E-10
3.15105813E+2	5.16863000E-10
3.15105168E+2	5.15174000E-10
3.15101500E+2	5.13487000E-10
3.15091739E+2	5.11833000E-10
3.15084834E+2	5.10178000E-10
3.15081972E+2	5.08520000E-10
3.15069838E+2	5.06881000E-10
3.15062111E+2	5.05250000E-10
3.15046567E+2	5.03638000E-10
3.15036089E+2	5.02027000E-10
3.15029700E+2	5.00434000E-10
3.15012509E+2	4.98850000E-10
3.15014811E+2	4.97272000E-10
3.14997855E+2	4.95720000E-10
3.14985877E+2	4.94148000E-10
3.14984134E+2	4.92592000E-10
3.14965201E+2	4.91040000E-10
3.14968247E+2	4.89521000E-10
3.14953219E+2	4.88021000E-10
3.14941687E+2	4.86522000E-10
3.14932292E+2	4.85010000E-10
3.14921620E+2	4.83507000E-10
3.14917576E+2	4.82029000E-10
3.14907601E+2	4.80564000E-10
3.14903712E+2	4.79110000E-10
3.14897053E+2	4.77649000E-10
3.14891534E+2	4.76190000E-10
3.14878674E+2	4.74761000E-10
3.14863119E+2	4.73324000E-10
3.14862645E+2	4.71893000E-10
3.14853831E+2	4.70481000E-10
3.14846182E+2	4.69084000E-10
3.14839287E+2	4.67708000E-10
3.14823701E+2	4.66317000E-10
3.14818010E+2	4.64943000E-10
3.14803606E+2	4.63572000E-10
3.14798441E+2	4.62210000E-10
3.14796356E+2	4.60852000E-10
3.14781769E+2	4.59492000E-10
3.14773830E+2	4.58149000E-10
3.14771377E+2	4.56804000E-10
3.14763094E+2	4.55463000E-10
3.14751229E+2	4.54146000E-10
3.14745562E+2	4.52802000E-10
3.14737892E+2	4.51493000E-10
3.14725521E+2	4.50195000E-10
3.14721628E+2	4.48917000E-10
3.14712220E+2	4.47649000E-10
3.14700946E+2	4.46353000E-10
3.14694718E+2	4.45090000E-10
3.14677328E+2	4.43846000E-10
3.14669701E+2	4.42593000E-10
3.14661342E+2	4.41356000E-10
3.14664368E+2	4.40123000E-10
3.14644015E+2	4.38890000E-10
3.14641099E+2	4.37672000E-10
3.14628487E+2	4.36455000E-10
3.14618998E+2	4.35255000E-10
3.14619912E+2	4.34049000E-10
3.14608133E+2	4.32831000E-10
3.14602527E+2	4.31627000E-10
3.14595900E+2	4.30433000E-10
3.14586488E+2	4.29258000E-10
3.14566813E+2	4.28092000E-10
3.14559961E+2	4.26915000E-10
3.14555582E+2	4.25770000E-10
3.14545409E+2	4.24625000E-10
3.14535911E+2	4.23478000E-10
3.14536093E+2	4.22329000E-10
3.14516016E+2	4.21190000E-10
3.14517846E+2	4.20077000E-10
3.14507830E+2	4.18943000E-10
3.14494760E+2	4.17830000E-10
3.14483616E+2	4.16718000E-10
3.14487725E+2	4.15615000E-10
3.14473654E+2	4.14510000E-10
3.14467778E+2	4.13406000E-10
3.14455891E+2	4.12318000E-10
3.14440917E+2	4.11245000E-10
3.14432498E+2	4.10157000E-10
3.14427626E+2	4.09079000E-10
3.14420289E+2	4.08006000E-10
3.14403895E+2	4.06951000E-10
3.14402296E+2	4.05907000E-10
3.14387053E+2	4.04871000E-10
3.14379060E+2	4.03827000E-10
3.14376659E+2	4.02785000E-10
3.14360835E+2	4.01747000E-10
3.14355359E+2	4.00719000E-10
3.14347397E+2	3.99689000E-10
3.14339189E+2	3.98663000E-10
3.14332337E+2	3.97644000E-10
3.14311700E+2	3.96634000E-10
3.14312032E+2	3.95636000E-10
3.14303545E+2	3.94628000E-10
3.14287516E+2	3.93649000E-10
3.14285977E+2	3.92655000E-10
3.14283513E+2	3.91668000E-10
3.14278199E+2	3.90704000E-10
3.14269946E+2	3.89726000E-10
3.14261803E+2	3.88755000E-10
3.14249970E+2	3.87807000E-10
3.14245747E+2	3.86851000E-10
3.14230964E+2	3.85899000E-10
3.14224068E+2	3.84962000E-10
3.14206953E+2	3.84018000E-10
3.14206436E+2	3.83076000E-10
3.14198411E+2	3.82144000E-10
3.14190676E+2	3.81212000E-10
3.14181402E+2	3.80293000E-10
3.14171860E+2	3.79372000E-10
3.14151227E+2	3.78449000E-10
3.14153894E+2	3.77545000E-10
3.14145477E+2	3.76626000E-10
3.14139807E+2	3.75735000E-10
3.14134461E+2	3.74820000E-10
3.14120226E+2	3.73909000E-10
3.14110899E+2	3.73009000E-10
3.14103294E+2	3.72111000E-10
3.14095609E+2	3.71226000E-10
3.14090779E+2	3.70354000E-10
3.14081065E+2	3.69487000E-10
3.14078209E+2	3.68617000E-10
3.14073871E+2	3.67752000E-10
3.14064566E+2	3.66888000E-10
3.14053380E+2	3.66039000E-10
3.14050192E+2	3.65183000E-10
3.14040564E+2	3.64342000E-10
3.14030668E+2	3.63487000E-10
3.14026291E+2	3.62647000E-10
3.14008864E+2	3.61803000E-10
3.14003130E+2	3.60975000E-10
3.13995189E+2	3.60139000E-10
3.13992683E+2	3.59312000E-10
3.13982667E+2	3.58491000E-10
3.13975334E+2	3.57684000E-10
3.13965118E+2	3.56859000E-10
3.13954329E+2	3.56044000E-10
3.13949832E+2	3.55249000E-10
3.13936413E+2	3.54427000E-10
3.13930292E+2	3.53623000E-10
3.13925698E+2	3.52816000E-10
3.13913133E+2	3.52008000E-10
3.13906947E+2	3.51220000E-10
3.13906065E+2	3.50422000E-10
3.13887288E+2	3.49632000E-10
3.13884982E+2	3.48846000E-10
3.13876107E+2	3.48045000E-10
3.13864015E+2	3.47264000E-10
3.13858862E+2	3.46497000E-10
3.13854947E+2	3.45715000E-10
3.13850515E+2	3.44936000E-10
3.13840372E+2	3.44173000E-10
3.13826968E+2	3.43416000E-10
3.13819631E+2	3.42637000E-10
3.13814021E+2	3.41878000E-10
3.13800137E+2	3.41123000E-10
3.13793026E+2	3.40374000E-10
3.13786109E+2	3.39618000E-10
3.13771082E+2	3.38883000E-10
3.13756979E+2	3.38159000E-10
3.13746253E+2	3.37418000E-10
3.13752272E+2	3.36677000E-10
3.13743634E+2	3.35951000E-10
3.13748539E+2	3.35231000E-10
3.13729450E+2	3.34509000E-10
3.13726621E+2	3.33777000E-10
3.13713411E+2	3.33044000E-10
3.13710217E+2	3.32322000E-10
3.13698063E+2	3.31609000E-10
3.13693212E+2	3.30887000E-10
3.13682411E+2	3.30183000E-10
3.13678422E+2	3.29496000E-10
3.13655745E+2	3.28792000E-10
3.13655186E+2	3.28110000E-10
3.13651525E+2	3.27429000E-10
3.13647652E+2	3.26746000E-10
3.13632688E+2	3.26052000E-10
3.13628625E+2	3.25375000E-10
3.13615948E+2	3.24685000E-10
3.13611387E+2	3.23995000E-10
3.13602888E+2	3.23321000E-10
3.13591208E+2	3.22645000E-10
3.13577084E+2	3.21968000E-10
3.13569123E+2	3.21281000E-10
3.13559217E+2	3.20612000E-10
3.13561261E+2	3.19931000E-10
3.13556700E+2	3.19271000E-10
3.13545135E+2	3.18609000E-10
3.13539992E+2	3.17957000E-10
3.13530321E+2	3.17307000E-10
3.13526890E+2	3.16658000E-10
3.13514145E+2	3.16009000E-10
3.13504237E+2	3.15362000E-10
3.13498772E+2	3.14730000E-10
3.13486459E+2	3.14102000E-10
3.13480704E+2	3.13461000E-10
3.13479499E+2	3.12829000E-10
3.13466959E+2	3.12196000E-10
3.13461936E+2	3.11585000E-10
3.13453125E+2	3.10963000E-10
3.13442685E+2	3.10333000E-10
3.13440107E+2	3.09721000E-10
3.13433749E+2	3.09099000E-10
3.13421173E+2	3.08485000E-10
3.13420389E+2	3.07870000E-10
3.13385793E+2	3.07255000E-10
3.13392872E+2	3.06657000E-10
3.13390164E+2	3.06042000E-10
3.13379138E+2	3.05451000E-10
3.13379590E+2	3.04846000E-10
3.13363088E+2	3.04236000E-10
3.13356472E+2	3.03644000E-10
3.13350093E+2	3.03048000E-10
3.13328405E+2	3.02457000E-10
3.13327551E+2	3.01880000E-10
3.13319612E+2	3.01286000E-10
3.13301110E+2	3.00693000E-10
3.13294472E+2	3.00109000E-10
3.13289115E+2	2.99533000E-10
3.13278497E+2	2.98967000E-10
3.13276278E+2	2.98405000E-10
3.13263960E+2	2.97828000E-10
3.13256871E+2	2.97266000E-10
3.13256204E+2	2.96685000E-10
3.13235732E+2	2.96119000E-10
3.13223705E+2	2.95566000E-10
3.13232149E+2	2.94988000E-10
3.13212847E+2	2.94426000E-10
3.13204725E+2	2.93873000E-10
3.13201100E+2	2.93318000E-10
3.13187157E+2	2.92761000E-10
3.13174743E+2	2.92211000E-10
3.13167578E+2	2.91676000E-10
3.13167705E+2	2.91131000E-10
3.13153086E+2	2.90579000E-10
3.13142684E+2	2.90034000E-10
3.13138144E+2	2.89496000E-10
3.13135691E+2	2.88952000E-10
3.13125622E+2	2.88411000E-10
3.13117705E+2	2.87868000E-10
3.13108288E+2	2.87331000E-10
3.13104383E+2	2.86799000E-10
3.13096498E+2	2.86275000E-10
3.13080462E+2	2.85743000E-10
3.13075346E+2	2.85213000E-10
3.13070656E+2	2.84694000E-10
3.13063470E+2	2.84171000E-10
3.13054987E+2	2.83657000E-10
3.13043036E+2	2.83127000E-10
3.13035796E+2	2.82610000E-10
3.13035329E+2	2.82112000E-10
3.13026605E+2	2.81601000E-10
3.13018720E+2	2.81096000E-10
3.13006642E+2	2.80578000E-10
3.13001565E+2	2.80074000E-10
3.12988893E+2	2.79568000E-10
3.12982319E+2	2.79072000E-10
3.12975010E+2	2.78570000E-10
3.12971450E+2	2.78058000E-10
3.12956013E+2	2.77562000E-10
3.12961020E+2	2.77053000E-10
3.12948746E+2	2.76567000E-10
3.12942969E+2	2.76080000E-10
3.12935636E+2	2.75579000E-10
3.12924481E+2	2.75094000E-10
3.12911690E+2	2.74612000E-10
3.12909867E+2	2.74127000E-10
3.12898117E+2	2.73646000E-10
3.12890307E+2	2.73172000E-10
3.12882196E+2	2.72696000E-10
3.12873278E+2	2.72218000E-10
3.12870739E+2	2.71744000E-10
3.12854539E+2	2.71273000E-10
3.12846385E+2	2.70807000E-10
3.12835208E+2	2.70330000E-10
3.12831895E+2	2.69855000E-10
3.12826056E+2	2.69391000E-10
3.12813137E+2	2.68922000E-10
3.12817774E+2	2.68453000E-10
3.12798367E+2	2.67987000E-10
3.12794592E+2	2.67529000E-10
3.12787417E+2	2.67066000E-10
3.12774583E+2	2.66615000E-10
3.12774090E+2	2.66160000E-10
3.12765323E+2	2.65712000E-10
3.12756491E+2	2.65253000E-10
3.12749552E+2	2.64801000E-10
3.12741589E+2	2.64355000E-10
3.12730035E+2	2.63909000E-10
3.12723269E+2	2.63462000E-10
3.12718743E+2	2.63016000E-10
3.12702252E+2	2.62581000E-10
3.12697260E+2	2.62143000E-10
3.12693467E+2	2.61716000E-10
3.12692219E+2	2.61274000E-10
3.12675018E+2	2.60842000E-10
3.12661119E+2	2.60400000E-10
3.12659096E+2	2.59961000E-10
3.12644692E+2	2.59515000E-10
3.12643336E+2	2.59080000E-10
3.12635666E+2	2.58647000E-10
3.12625823E+2	2.58223000E-10
3.12618583E+2	2.57790000E-10
3.12612801E+2	2.57362000E-10
3.12609509E+2	2.56938000E-10
3.12600634E+2	2.56518000E-10
3.12594997E+2	2.56094000E-10
3.12573363E+2	2.55658000E-10
3.12583368E+2	2.55240000E-10
3.12576861E+2	2.54824000E-10
3.12564060E+2	2.54405000E-10
3.12563361E+2	2.53991000E-10
3.12552539E+2	2.53589000E-10
3.12545428E+2	2.53173000E-10
3.12529388E+2	2.52759000E-10
3.12530346E+2	2.52353000E-10
3.12525967E+2	2.51947000E-10
3.12513381E+2	2.51546000E-10
3.12514295E+2	2.51137000E-10
3.12495317E+2	2.50734000E-10
3.12478471E+2	2.50342000E-10
3.12486324E+2	2.49946000E-10
3.12474209E+2	2.49553000E-10
3.12467756E+2	2.49152000E-10
3.12460376E+2	2.48756000E-10
3.12454470E+2	2.48362000E-10
3.12444284E+2	2.47975000E-10
3.12438056E+2	2.47586000E-10
3.12425039E+2	2.47192000E-10
3.12418173E+2	2.46805000E-10
3.12407577E+2	2.46421000E-10
3.12407060E+2	2.46028000E-10
3.12405856E+2	2.45632000E-10
3.12391972E+2	2.45253000E-10
3.12390165E+2	2.44862000E-10
3.12376137E+2	2.44484000E-10
3.12373356E+2	2.44101000E-10
3.12362674E+2	2.43706000E-10
3.12357511E+2	2.43328000E-10
3.12354619E+2	2.42945000E-10
3.12337299E+2	2.42572000E-10
3.12330178E+2	2.42195000E-10
3.12327140E+2	2.41821000E-10
3.12317879E+2	2.41435000E-10
3.12305508E+2	2.41070000E-10
3.12290470E+2	2.40689000E-10
3.12290892E+2	2.40329000E-10
3.12287633E+2	2.39964000E-10
3.12278134E+2	2.39592000E-10
3.12275079E+2	2.39227000E-10
3.12267689E+2	2.38868000E-10
3.12255458E+2	2.38496000E-10
3.12253241E+2	2.38148000E-10
3.12239956E+2	2.37786000E-10
3.12235039E+2	2.37429000E-10
3.12230188E+2	2.37070000E-10
3.12223786E+2	2.36719000E-10
3.12216320E+2	2.36363000E-10
3.12206348E+2	2.36005000E-10
3.12209264E+2	2.35643000E-10
3.12192676E+2	2.35294000E-10
3.12187759E+2	2.34945000E-10
3.12180575E+2	2.34596000E-10
3.12174928E+2	2.34240000E-10
3.12162836E+2	2.33890000E-10
3.12144901E+2	2.33547000E-10
3.12139618E+2	2.33199000E-10
3.12138381E+2	2.32857000E-10
3.12133153E+2	2.32503000E-10
3.12125707E+2	2.32152000E-10
3.12119263E+2	2.31803000E-10
3.12109926E+2	2.31465000E-10
3.12109490E+2	2.31119000E-10
3.12099131E+2	2.30786000E-10
3.12096162E+2	2.30447000E-10
3.12085684E+2	2.30110000E-10
3.12072540E+2	2.29774000E-10
3.12063428E+2	2.29446000E-10
3.12065545E+2	2.29117000E-10
3.12055181E+2	2.28789000E-10
3.12048006E+2	2.28454000E-10
3.12045768E+2	2.28123000E-10
3.12040066E+2	2.27796000E-10
3.12031417E+2	2.27455000E-10
3.12025737E+2	2.27126000E-10
3.12016328E+2	2.26787000E-10
3.12011315E+2	2.26448000E-10
3.11996577E+2	2.26116000E-10
3.11995485E+2	2.25788000E-10
3.11983929E+2	2.25458000E-10
3.11971020E+2	2.25132000E-10
3.11974968E+2	2.24804000E-10
3.11960917E+2	2.24484000E-10
3.11952956E+2	2.24154000E-10
3.11949040E+2	2.23832000E-10
3.11940911E+2	2.23516000E-10
3.11929766E+2	2.23197000E-10
3.11928077E+2	2.22880000E-10
3.11916739E+2	2.22568000E-10
3.11906702E+2	2.22251000E-10
3.11900441E+2	2.21939000E-10
3.11884380E+2	2.21624000E-10
3.11881304E+2	2.21311000E-10
3.11879723E+2	2.20999000E-10
3.11865728E+2	2.20688000E-10
3.11858693E+2	2.20381000E-10
3.11850539E+2	2.20073000E-10
3.11846096E+2	2.19760000E-10
3.11840309E+2	2.19456000E-10
3.11828188E+2	2.19145000E-10
3.11832427E+2	2.18832000E-10
3.11833266E+2	2.18527000E-10
3.11814008E+2	2.18228000E-10
3.11800851E+2	2.17921000E-10
3.11799302E+2	2.17615000E-10
3.11798301E+2	2.17322000E-10
3.11794385E+2	2.17024000E-10
3.11776775E+2	2.16713000E-10
3.11774750E+2	2.16414000E-10
3.11769522E+2	2.16116000E-10
3.11760755E+2	2.15824000E-10
3.11747946E+2	2.15523000E-10
3.11750230E+2	2.15230000E-10
3.11736579E+2	2.14950000E-10
3.11730426E+2	2.14654000E-10
3.11719960E+2	2.14361000E-10
3.11715582E+2	2.14069000E-10
3.11710332E+2	2.13775000E-10
3.11697144E+2	2.13476000E-10
3.11689269E+2	2.13186000E-10
3.11689301E+2	2.12895000E-10
3.11685698E+2	2.12609000E-10
3.11669182E+2	2.12316000E-10
3.11662749E+2	2.12020000E-10
3.11658576E+2	2.11738000E-10
3.11652752E+2	2.11444000E-10
3.11641736E+2	2.11163000E-10
3.11637132E+2	2.10883000E-10
3.11629673E+2	2.10595000E-10
3.11621777E+2	2.10321000E-10
3.11613257E+2	2.10038000E-10
3.11611220E+2	2.09766000E-10
3.11599224E+2	2.09494000E-10
3.11599579E+2	2.09218000E-10
3.11575439E+2	2.08941000E-10
3.11576264E+2	2.08666000E-10
3.11570638E+2	2.08390000E-10
3.11559310E+2	2.08121000E-10
3.11563374E+2	2.07844000E-10
3.11547894E+2	2.07568000E-10
3.11544065E+2	2.07300000E-10
3.11532739E+2	2.07021000E-10
3.11528597E+2	2.06748000E-10
3.11522874E+2	2.06471000E-10
3.11512024E+2	2.06208000E-10
3.11506194E+2	2.05940000E-10
3.11495781E+2	2.05672000E-10
3.11496330E+2	2.05402000E-10
3.11483178E+2	2.05123000E-10
3.11474486E+2	2.04859000E-10
3.11462900E+2	2.04594000E-10
3.11457297E+2	2.04319000E-10
3.11446023E+2	2.04063000E-10
3.11447217E+2	2.03799000E-10
3.11432608E+2	2.03531000E-10
3.11425723E+2	2.03274000E-10
3.11430414E+2	2.03020000E-10
3.11411739E+2	2.02756000E-10
3.11411086E+2	2.02493000E-10
3.11397510E+2	2.02238000E-10
3.11394982E+2	2.01989000E-10
3.11391269E+2	2.01725000E-10
3.11380544E+2	2.01473000E-10
3.11381996E+2	2.01219000E-10
3.11371229E+2	2.00958000E-10
3.11357569E+2	2.00703000E-10
3.11348952E+2	2.00443000E-10
3.11347691E+2	2.00188000E-10
3.11338304E+2	1.99931000E-10
3.11331366E+2	1.99680000E-10
3.11330053E+2	1.99420000E-10
3.11311876E+2	1.99167000E-10
3.11311058E+2	1.98922000E-10
3.11302850E+2	1.98666000E-10
3.11302441E+2	1.98413000E-10
3.11296600E+2	1.98174000E-10
3.11287348E+2	1.97930000E-10
3.11273106E+2	1.97678000E-10
3.11270750E+2	1.97433000E-10
3.11265232E+2	1.97191000E-10
3.11249558E+2	1.96961000E-10
3.11246947E+2	1.96720000E-10
3.11239396E+2	1.96481000E-10
3.11232457E+2	1.96244000E-10
3.11224984E+2	1.95994000E-10
3.11216120E+2	1.95753000E-10
3.11211914E+2	1.95510000E-10
3.11199652E+2	1.95268000E-10
3.11198431E+2	1.95032000E-10
3.11194859E+2	1.94788000E-10
3.11184059E+2	1.94550000E-10
3.11174423E+2	1.94314000E-10
3.11168915E+2	1.94072000E-10
3.11154338E+2	1.93835000E-10
3.11152414E+2	1.93594000E-10
3.11139839E+2	1.93353000E-10
3.11139623E+2	1.93118000E-10
3.11130249E+2	1.92886000E-10
3.11117136E+2	1.92650000E-10
3.11123257E+2	1.92419000E-10
3.11117394E+2	1.92195000E-10
3.11105796E+2	1.91965000E-10
3.11100525E+2	1.91737000E-10
3.11097642E+2	1.91495000E-10
3.11087133E+2	1.91258000E-10
3.11071449E+2	1.91028000E-10
3.11055151E+2	1.90799000E-10
3.11058082E+2	1.90564000E-10
3.11055177E+2	1.90339000E-10
3.11050024E+2	1.90109000E-10
3.11045500E+2	1.89887000E-10
3.11031883E+2	1.89661000E-10
3.11028118E+2	1.89433000E-10
3.11018243E+2	1.89207000E-10
3.11013372E+2	1.88981000E-10
3.11007638E+2	1.88752000E-10
3.11002184E+2	1.88530000E-10
3.10996302E+2	1.88309000E-10
3.10986760E+2	1.88087000E-10
3.10980715E+2	1.87858000E-10
3.10964292E+2	1.87634000E-10
3.10963799E+2	1.87409000E-10
3.10956839E+2	1.87192000E-10
3.10945963E+2	1.86975000E-10
3.10941498E+2	1.86760000E-10
3.10941595E+2	1.86546000E-10
3.10933139E+2	1.86328000E-10
3.10924748E+2	1.86120000E-10
3.10916637E+2	1.85902000E-10
3.10910516E+2	1.85689000E-10
3.10907208E+2	1.85464000E-10
3.10895630E+2	1.85250000E-10
3.10888315E+2	1.85040000E-10
3.10876881E+2	1.84818000E-10
3.10877486E+2	1.84599000E-10
3.10866578E+2	1.84387000E-10
3.10864599E+2	1.84177000E-10
3.10863448E+2	1.83972000E-10
3.10850076E+2	1.83757000E-10
3.10835360E+2	1.83547000E-10
